#Res             RMSF
   2.000       5.8515
   3.000       3.8958
   4.000       1.8659
   5.000       1.3679
   6.000       1.1138
   7.000       1.0482
   8.000       1.0458
   9.000       0.9251
  10.000       0.8239
  11.000       0.8790
  12.000       0.9170
  13.000       0.8061
  14.000       0.7744
  15.000       0.8440
  16.000       0.8483
  17.000       0.7481
  18.000       0.7793
  19.000       0.8919
  20.000       0.8298
  21.000       0.7958
  22.000       0.9466
  23.000       0.9589
  24.000       0.9460
  25.000       1.1140
  26.000       1.2358
  27.000       1.2956
  28.000       1.6316
  29.000       1.6800
  30.000       1.7225
  31.000       1.4837
  32.000       1.2695
  33.000       1.3066
  34.000       1.3115
  35.000       1.1718
  36.000       1.1795
  37.000       1.2191
  38.000       0.9879
  39.000       0.7719
  40.000       0.6906
  41.000       0.7423
  42.000       0.7872
  43.000       0.9195
  44.000       1.2975
  45.000       1.3546
  46.000       1.2429
  47.000       1.2310
  48.000       0.9993
  49.000       0.9201
  50.000       0.8269
  51.000       0.7202
  52.000       0.6641
  53.000       0.6818
  54.000       0.6458
  55.000       0.6262
  56.000       0.7918
  57.000       0.8847
  58.000       0.7608
  59.000       0.8489
  60.000       1.0104
  61.000       0.9817
  62.000       0.8415
  63.000       0.8661
  64.000       0.9617
  65.000       0.9007
  66.000       0.8574
  67.000       0.8850
  68.000       1.0255
  69.000       2.0870
  70.000       3.3062
  71.000       4.2141
  72.000       5.7189
  73.000       5.6734
  74.000       4.9689
  75.000       4.1835
  76.000       3.1680
  77.000       1.5796
  78.000       1.1677
  79.000       1.4823
  80.000       1.2872
  81.000       1.1763
  82.000       1.0125
  83.000       1.0582
  84.000       1.1293
  85.000       0.9354
  86.000       0.9075
  87.000       0.9905
  88.000       0.8703
  89.000       0.8231
  90.000       0.9951
  91.000       1.0221
  92.000       0.9311
  93.000       1.1800
  94.000       1.7675
  95.000       2.6110
  96.000       2.7899
  97.000       2.9989
  98.000       2.7645
  99.000       2.1615
 100.000       1.9214
 101.000       1.6002
 102.000       1.4513
 103.000       1.2329
 104.000       1.1806
 105.000       1.4001
 106.000       1.1844
 107.000       0.9805
 108.000       0.8159
 109.000       0.7879
 110.000       0.7927
 111.000       0.8125
 112.000       0.7637
 113.000       0.6718
 114.000       0.6628
 115.000       0.7135
 116.000       0.7096
 117.000       0.6603
 118.000       0.6259
 119.000       0.6486
 120.000       0.7370
 121.000       0.8012
 122.000       0.9259
 123.000       1.1083
 124.000       1.2027
 125.000       1.2456
 126.000       1.6585
 127.000       1.9422
 128.000       2.4026
