#Frame       EndToEnd
       1      40.7140
       2      41.2582
       3      40.8707
       4      40.9107
       5      42.2054
       6      42.6502
       7      41.2016
       8      41.3619
       9      41.4086
      10      40.6682
      11      41.7865
      12      41.7690
      13      41.1349
      14      40.5470
      15      40.9965
      16      39.9093
      17      42.0593
      18      40.8598
      19      42.1665
      20      42.4505
      21      41.3924
      22      39.2480
      23      42.2527
      24      41.8039
      25      42.5521
      26      42.6615
      27      40.9994
      28      42.5429
      29      41.3686
      30      40.9941
      31      40.0457
      32      40.5508
      33      41.7299
      34      41.2399
      35      41.5625
      36      41.0732
      37      41.7966
      38      40.4647
      39      40.3892
      40      40.1317
      41      41.9347
      42      41.6238
      43      39.7175
      44      40.3934
      45      39.0197
      46      40.3697
      47      39.0734
      48      38.6244
      49      37.9611
      50      39.2189
      51      40.5591
      52      38.5547
      53      38.6377
      54      38.5440
      55      38.4086
      56      39.5314
      57      39.2748
      58      38.0986
      59      38.1687
      60      40.2757
      61      39.6358
      62      38.7106
      63      38.7904
      64      39.1857
      65      39.7326
      66      41.0174
      67      40.1264
      68      38.4606
      69      39.2763
      70      39.3438
      71      39.6761
      72      39.8742
      73      39.4220
      74      38.6351
      75      38.8979
      76      39.4843
      77      39.5112
      78      39.9025
      79      39.1395
      80      38.0854
      81      38.1457
      82      38.5228
      83      38.6227
      84      37.8120
      85      39.0160
      86      39.2514
      87      39.6959
      88      38.4709
      89      40.1357
      90      40.2066
      91      40.1346
      92      40.4562
      93      40.9152
      94      40.8939
      95      40.9345
      96      40.9949
      97      41.0429
      98      40.5133
      99      41.2233
     100      41.4781
     101      42.7054
     102      41.9512
     103      40.5177
     104      41.1902
     105      40.0850
     106      39.8827
     107      41.8284
     108      40.1571
     109      40.5352
     110      41.7556
     111      39.7088
     112      40.3222
     113      40.4941
     114      39.1257
     115      39.2074
     116      37.8410
     117      36.6730
     118      38.7437
     119      39.7889
     120      40.5913
     121      38.2400
     122      38.9826
     123      38.2427
     124      39.4343
     125      39.1914
     126      38.6587
     127      39.8535
     128      37.5765
     129      38.6354
     130      38.2947
     131      38.6114
     132      36.3728
     133      38.7811
     134      39.7226
     135      39.1588
     136      38.7297
     137      39.4038
     138      38.7091
     139      38.4600
     140      38.0795
     141      39.4488
     142      40.3207
     143      39.4200
     144      39.4291
     145      37.5880
     146      37.6211
     147      37.5257
     148      37.6671
     149      38.2804
     150      37.8021
     151      37.9391
     152      40.2991
     153      40.0721
     154      40.1535
     155      40.7866
     156      39.9446
     157      40.4270
     158      41.1105
     159      40.0734
     160      41.9484
     161      40.2541
     162      40.5620
     163      40.5345
     164      39.8679
     165      40.8056
     166      40.5043
     167      40.4876
     168      41.6019
     169      40.6299
     170      40.0326
     171      40.8592
     172      39.5328
     173      39.3230
     174      40.2957
     175      40.1578
     176      40.7009
     177      39.8085
     178      40.3850
     179      41.1564
     180      40.1602
     181      41.3672
     182      40.4787
     183      41.1602
     184      40.1237
     185      40.2397
     186      41.2223
     187      40.4264
     188      40.3559
     189      40.6384
     190      40.3938
     191      41.3961
     192      40.2477
     193      41.3792
     194      40.7063
     195      41.4330
     196      39.9828
     197      40.6649
     198      42.0387
     199      39.3298
     200      41.5278
     201      41.6569
     202      40.1221
     203      40.3651
     204      40.3367
     205      41.6966
     206      40.9080
     207      41.1568
     208      39.9375
     209      39.1028
     210      40.4788
     211      39.4043
     212      39.9490
     213      39.5705
     214      41.5591
     215      40.9558
     216      40.5378
     217      39.6244
     218      40.4031
     219      39.9530
     220      41.1647
     221      40.1509
     222      39.5438
     223      39.5315
     224      39.9136
     225      39.0295
     226      39.9516
     227      39.9241
     228      39.3501
     229      39.4108
     230      39.8615
     231      38.7320
     232      40.4789
     233      39.1259
     234      39.5970
     235      38.9625
     236      40.4221
     237      41.3384
     238      41.2803
     239      41.1668
     240      41.4761
     241      40.6443
     242      40.4586
     243      40.8154
     244      40.4887
     245      41.7916
     246      40.2802
     247      41.4450
     248      41.0198
     249      42.9845
     250      42.5282
     251      42.8125
     252      42.8385
     253      43.4540
     254      42.0556
     255      42.2917
     256      42.9353
     257      42.0777
     258      41.7137
     259      42.9766
     260      42.6225
     261      43.1677
     262      42.4141
     263      41.8990
     264      41.9674
     265      42.8137
     266      44.2347
     267      42.9068
     268      41.4084
     269      41.5732
     270      41.7505
     271      41.5222
     272      42.3067
     273      41.5252
     274      41.6345
     275      41.2110
     276      42.7113
     277      42.4094
     278      40.9368
     279      41.0664
     280      40.3889
     281      42.2299
     282      41.2531
     283      39.9488
     284      40.7217
     285      40.5290
     286      41.0547
     287      41.1464
     288      42.2692
     289      40.0836
     290      40.8810
     291      41.5473
     292      42.3512
     293      42.3923
     294      42.1010
     295      42.9508
     296      42.4870
     297      41.8208
     298      41.0835
     299      40.5210
     300      41.6230
     301      42.4564
     302      42.0005
     303      41.3916
     304      41.6888
     305      42.5811
     306      42.8470
     307      41.4791
     308      40.8622
     309      40.9732
     310      42.2904
     311      42.1083
     312      41.9535
     313      41.6132
     314      41.7953
     315      41.9356
     316      42.3972
     317      39.6617
     318      41.0503
     319      40.3870
     320      40.2433
     321      39.7268
     322      40.4738
     323      39.5210
     324      40.0003
     325      40.7025
     326      40.9221
     327      40.8414
     328      39.4173
     329      41.0225
     330      40.3782
     331      40.1038
     332      40.0855
     333      41.0972
     334      41.1236
     335      39.9516
     336      40.2806
     337      40.0468
     338      40.4555
     339      41.2412
     340      42.1216
     341      40.6725
     342      41.7157
     343      39.7824
     344      39.6912
     345      39.7381
     346      40.5635
     347      40.7222
     348      40.1261
     349      39.7901
     350      40.0438
     351      40.3190
     352      39.8818
     353      39.6844
     354      40.7952
     355      40.8043
     356      41.4792
     357      41.5410
     358      41.9861
     359      40.8192
     360      41.2855
     361      40.3092
     362      39.9883
     363      39.6584
     364      40.9445
     365      40.4717
     366      40.2380
     367      40.8265
     368      37.8362
     369      39.7980
     370      38.4466
     371      38.4896
     372      37.2000
     373      39.2870
     374      39.6461
     375      39.9422
     376      39.4091
     377      40.3231
     378      40.5773
     379      39.8341
     380      40.7285
     381      41.2723
     382      38.9911
     383      40.4315
     384      40.1993
     385      41.6161
     386      40.8992
     387      39.6066
     388      40.0087
     389      39.6759
     390      40.2797
     391      40.8792
     392      39.4039
     393      40.7696
     394      40.0996
     395      38.7811
     396      40.2595
     397      39.7570
     398      39.4245
     399      40.4487
     400      40.7902
     401      41.4506
     402      41.9639
     403      41.0279
     404      41.8187
     405      41.9604
     406      41.8661
     407      42.4342
     408      40.9904
     409      42.3095
     410      40.4642
     411      41.0355
     412      41.4771
     413      41.4105
     414      40.5894
     415      40.2002
     416      40.0853
     417      41.1585
     418      40.8400
     419      40.7220
     420      41.3532
     421      40.6212
     422      39.8383
     423      40.7615
     424      40.6967
     425      40.6719
     426      40.3898
     427      41.9248
     428      41.3037
     429      40.2958
     430      42.4777
     431      42.8225
     432      40.2471
     433      41.5659
     434      43.2053
     435      40.4982
     436      41.8706
     437      39.6579
     438      40.7479
     439      41.5543
     440      40.9611
     441      41.3890
     442      41.0916
     443      41.6390
     444      42.1563
     445      41.3325
     446      42.7989
     447      40.3325
     448      39.9031
     449      41.2279
     450      40.9052
     451      39.7153
     452      39.8947
     453      40.2587
     454      40.5074
     455      40.1228
     456      39.3964
     457      38.3064
     458      38.6688
     459      38.6319
     460      38.9996
     461      39.8457
     462      39.6339
     463      39.7971
     464      40.9826
     465      38.7660
     466      38.4543
     467      38.9571
     468      39.8388
     469      39.9905
     470      39.4952
     471      41.8198
     472      40.6097
     473      40.8528
     474      40.0446
     475      40.1162
     476      39.7915
     477      39.9885
     478      39.5790
     479      38.8265
     480      39.7684
     481      40.1161
     482      41.9370
     483      40.0302
     484      39.4019
     485      39.8549
     486      39.0559
     487      39.6349
     488      39.0874
     489      39.4061
     490      40.0645
     491      39.8620
     492      39.2039
     493      38.5920
     494      39.4834
     495      40.0652
     496      40.1340
     497      39.7679
     498      40.3179
     499      40.1891
     500      38.4756
     501      40.5710
     502      39.2303
     503      40.4303
     504      40.2214
     505      41.5308
     506      41.0352
     507      39.5210
     508      40.2443
     509      40.3852
     510      39.7395
     511      41.0691
     512      40.4999
     513      39.0360
     514      40.1817
     515      41.3714
     516      40.9092
     517      40.9009
     518      38.8368
     519      40.3617
     520      39.4882
     521      38.6403
     522      40.3361
     523      39.8135
     524      40.7665
     525      41.9601
     526      39.2464
     527      38.1114
     528      38.9079
     529      37.6313
     530      38.8371
     531      37.5418
     532      38.2040
     533      38.0225
     534      38.7940
     535      39.0698
     536      39.9911
     537      38.7966
     538      38.6325
     539      39.4846
     540      38.5082
     541      37.1910
     542      37.8248
     543      38.5146
     544      37.4509
     545      37.5065
     546      38.1504
     547      38.6804
     548      39.3563
     549      37.8518
     550      37.3287
     551      38.1921
     552      38.8238
     553      38.4841
     554      38.8850
     555      37.9448
     556      38.0336
     557      38.7291
     558      39.1857
     559      40.7048
     560      40.1189
     561      39.2851
     562      38.7794
     563      37.7256
     564      38.2893
     565      39.4706
     566      39.0439
     567      38.2023
     568      38.4491
     569      36.2116
     570      37.5268
     571      37.7503
     572      38.5686
     573      39.1679
     574      38.8341
     575      39.6664
     576      38.1096
     577      38.2135
     578      38.6560
     579      38.9086
     580      38.5619
     581      38.6581
     582      38.9510
     583      39.5767
     584      40.7127
     585      39.1819
     586      39.8726
     587      39.8008
     588      38.6364
     589      38.5942
     590      38.3042
     591      39.1221
     592      38.9451
     593      39.3398
     594      39.2287
     595      39.4559
     596      40.1191
     597      38.4314
     598      37.0680
     599      37.2714
     600      37.1353
