#Res             RMSF
   2.000       1.7282
   3.000       1.4486
   4.000       1.3414
   5.000       1.3491
   6.000       1.2197
   7.000       1.0355
   8.000       1.0020
   9.000       0.9285
  10.000       0.7858
  11.000       0.7399
  12.000       0.7079
  13.000       0.6082
  14.000       0.5693
  15.000       0.5943
  16.000       0.5462
  17.000       0.4488
  18.000       0.4841
  19.000       0.5140
  20.000       0.4450
  21.000       0.4389
  22.000       0.5175
  23.000       0.5308
  24.000       0.4401
  25.000       0.5123
  26.000       0.5698
  27.000       0.5166
  28.000       0.5689
  29.000       0.6598
  30.000       0.6236
  31.000       0.6140
  32.000       0.7801
  33.000       0.8599
  34.000       0.7902
  35.000       0.8641
  36.000       0.8347
  37.000       0.6203
  38.000       0.6617
  39.000       0.6936
  40.000       0.6296
  41.000       0.7177
  42.000       0.4881
  43.000       0.4592
  44.000       0.4181
  45.000       0.4088
  46.000       0.3793
  47.000       0.3785
  48.000       0.3617
  49.000       0.3721
  50.000       0.4074
  51.000       0.3919
  52.000       0.3551
  53.000       0.3668
  54.000       0.3773
  55.000       0.3764
  56.000       0.3896
  57.000       0.4239
  58.000       0.4451
  59.000       0.4512
  60.000       0.4771
  61.000       0.4762
  62.000       0.4548
  63.000       0.4874
  64.000       0.5836
  65.000       0.5997
  66.000       0.5465
  67.000       0.6389
  68.000       0.7405
  69.000       0.7687
  70.000       0.7296
  71.000       0.7042
  72.000       0.6984
  73.000       0.7811
  74.000       0.6923
  75.000       0.6793
  76.000       0.6146
  77.000       0.6190
  78.000       0.5672
  79.000       0.5167
  80.000       0.5052
  81.000       0.5015
  82.000       0.4272
  83.000       0.4211
  84.000       0.4592
  85.000       0.4107
  86.000       0.3683
  87.000       0.3542
  88.000       0.3836
  89.000       0.3947
  90.000       0.3892
  91.000       0.3797
  92.000       0.4256
  93.000       0.4626
  94.000       0.4350
  95.000       0.4181
  96.000       0.4289
  97.000       0.4733
  98.000       0.4852
  99.000       0.4623
 100.000       0.4670
 101.000       0.4979
 102.000       0.4911
 103.000       0.5058
 104.000       0.5547
 105.000       0.5788
 106.000       0.6070
 107.000       0.7076
 108.000       0.8555
 109.000       0.9017
 110.000       0.9071
 111.000       1.0113
 112.000       1.1988
 113.000       0.9641
 114.000       0.7409
 115.000       0.7584
 116.000       0.8168
 117.000       0.7714
 118.000       0.6613
 119.000       0.6215
 120.000       0.6514
 121.000       0.6863
 122.000       0.5915
 123.000       0.5271
 124.000       0.5750
 125.000       0.6038
 126.000       0.5375
 127.000       0.4594
 128.000       0.5253
 129.000       0.5890
 130.000       0.5423
 131.000       0.4606
 132.000       0.5026
 133.000       0.5145
 134.000       0.4526
 135.000       0.4608
 136.000       0.5402
 137.000       0.5339
 138.000       0.4526
 139.000       0.4707
 140.000       0.5843
 141.000       0.5870
 142.000       0.5067
 143.000       0.6232
 144.000       0.7650
 145.000       0.7670
 146.000       0.8152
 147.000       1.1415
 148.000       1.2901
 149.000       1.2118
 150.000       1.2120
 151.000       0.9629
 152.000       0.7266
 153.000       0.8223
 154.000       0.8020
 155.000       0.9461
 156.000       1.1719
 157.000       0.9221
 158.000       0.8168
 159.000       0.7592
 160.000       0.7768
 161.000       0.6102
 162.000       0.5557
 163.000       0.5743
 164.000       0.6725
 165.000       0.8096
 166.000       0.6786
 167.000       0.6342
 168.000       0.6264
 169.000       0.5498
 170.000       0.4986
 171.000       0.5153
 172.000       0.5270
 173.000       0.4673
 174.000       0.4642
 175.000       0.4803
 176.000       0.4757
 177.000       0.4452
 178.000       0.4385
 179.000       0.4715
 180.000       0.4730
 181.000       0.4728
 182.000       0.5218
 183.000       0.5721
 184.000       0.5135
 185.000       0.5086
 186.000       0.5797
 187.000       0.6209
 188.000       0.6073
 189.000       0.6738
 190.000       0.8019
 191.000       0.9358
 192.000       0.9829
 193.000       1.1499
 194.000       1.3620
 195.000       1.5923
 196.000       2.4073
 197.000       3.5337
 198.000       5.0961
 199.000       7.0270
 200.000       4.9885
 201.000       3.7686
 202.000       2.9272
 203.000       2.5335
 204.000       2.0900
 205.000       1.3721
 206.000       1.2785
 207.000       1.2206
 208.000       1.0656
 209.000       0.9382
 210.000       0.8992
 211.000       0.7664
 212.000       0.6672
 213.000       0.7714
 214.000       0.7921
 215.000       0.6205
 216.000       0.6719
 217.000       0.7479
 218.000       0.6060
 219.000       0.5952
 220.000       0.5853
 221.000       0.4931
 222.000       0.5066
 223.000       0.5847
 224.000       0.6747
 225.000       0.6095
 226.000       0.5021
 227.000       0.5796
 228.000       0.5873
 229.000       0.6849
 230.000       0.8546
 231.000       0.9570
 232.000       1.0423
 233.000       1.4456
 234.000       1.6122
 235.000       1.4010
 236.000       1.4140
 237.000       1.4745
 238.000       1.2394
 239.000       0.9444
 240.000       0.9557
 241.000       0.8936
 242.000       0.7660
 243.000       0.7297
 244.000       0.6612
 245.000       0.5890
 246.000       0.6107
 247.000       0.5990
 248.000       0.5575
 249.000       0.5679
 250.000       0.5529
 251.000       0.4926
 252.000       0.4511
 253.000       0.4366
 254.000       0.4297
 255.000       0.4150
 256.000       0.5463
 257.000       0.5706
 258.000       0.5071
 259.000       0.5253
 260.000       0.6243
 261.000       0.6613
 262.000       0.7709
 263.000       0.8025
 264.000       1.0282
 265.000       1.5020
 266.000       1.0430
 267.000       0.9569
 268.000       0.8829
 269.000       0.7771
 270.000       1.0179
 271.000       1.1853
 272.000       1.0477
 273.000       1.3051
 274.000       1.8041
 275.000       1.8061
 276.000       1.8980
 277.000       3.1830
 278.000       3.2372
