#Res             RMSF
   2.000       1.6773
   3.000       1.4016
   4.000       1.2865
   5.000       1.3139
   6.000       1.2085
   7.000       1.0253
   8.000       0.9966
   9.000       0.9524
  10.000       0.8319
  11.000       0.7776
  12.000       0.7518
  13.000       0.6748
  14.000       0.6254
  15.000       0.6377
  16.000       0.6043
  17.000       0.5149
  18.000       0.5356
  19.000       0.5668
  20.000       0.4975
  21.000       0.4827
  22.000       0.5659
  23.000       0.5869
  24.000       0.4883
  25.000       0.5540
  26.000       0.6212
  27.000       0.5633
  28.000       0.6056
  29.000       0.6903
  30.000       0.6591
  31.000       0.6512
  32.000       0.8130
  33.000       0.8918
  34.000       0.8221
  35.000       0.8958
  36.000       0.8670
  37.000       0.6605
  38.000       0.7032
  39.000       0.7303
  40.000       0.6715
  41.000       0.7553
  42.000       0.5369
  43.000       0.5030
  44.000       0.4653
  45.000       0.4621
  46.000       0.4230
  47.000       0.4107
  48.000       0.3964
  49.000       0.4104
  50.000       0.4294
  51.000       0.4098
  52.000       0.3866
  53.000       0.3969
  54.000       0.3975
  55.000       0.4015
  56.000       0.4291
  57.000       0.4626
  58.000       0.4872
  59.000       0.4974
  60.000       0.5395
  61.000       0.5466
  62.000       0.5185
  63.000       0.5490
  64.000       0.6596
  65.000       0.6714
  66.000       0.6131
  67.000       0.7103
  68.000       0.8049
  69.000       0.7996
  70.000       0.7897
  71.000       0.7639
  72.000       0.7564
  73.000       0.8500
  74.000       0.7616
  75.000       0.7396
  76.000       0.6750
  77.000       0.6767
  78.000       0.6234
  79.000       0.5672
  80.000       0.5513
  81.000       0.5457
  82.000       0.4678
  83.000       0.4515
  84.000       0.4827
  85.000       0.4330
  86.000       0.3895
  87.000       0.3726
  88.000       0.4022
  89.000       0.4096
  90.000       0.4071
  91.000       0.4025
  92.000       0.4471
  93.000       0.4859
  94.000       0.4640
  95.000       0.4441
  96.000       0.4503
  97.000       0.4994
  98.000       0.5123
  99.000       0.4817
 100.000       0.4863
 101.000       0.5055
 102.000       0.4923
 103.000       0.5117
 104.000       0.5509
 105.000       0.5636
 106.000       0.5992
 107.000       0.7123
 108.000       0.8642
 109.000       0.9070
 110.000       0.9139
 111.000       1.0315
 112.000       1.2220
 113.000       0.9788
 114.000       0.7581
 115.000       0.7987
 116.000       0.8556
 117.000       0.7896
 118.000       0.6899
 119.000       0.6685
 120.000       0.7038
 121.000       0.7225
 122.000       0.6215
 123.000       0.5687
 124.000       0.6169
 125.000       0.6356
 126.000       0.5680
 127.000       0.4944
 128.000       0.5573
 129.000       0.6158
 130.000       0.5634
 131.000       0.4840
 132.000       0.5386
 133.000       0.5558
 134.000       0.4848
 135.000       0.4963
 136.000       0.5877
 137.000       0.5769
 138.000       0.4870
 139.000       0.5098
 140.000       0.6372
 141.000       0.6344
 142.000       0.5482
 143.000       0.6752
 144.000       0.8190
 145.000       0.8089
 146.000       0.8617
 147.000       1.1923
 148.000       1.3260
 149.000       1.2325
 150.000       1.2403
 151.000       0.9923
 152.000       0.7683
 153.000       0.8383
 154.000       0.8239
 155.000       0.9821
 156.000       1.2096
 157.000       0.9540
 158.000       0.8451
 159.000       0.7883
 160.000       0.7946
 161.000       0.6162
 162.000       0.5616
 163.000       0.5843
 164.000       0.6798
 165.000       0.8203
 166.000       0.7067
 167.000       0.6799
 168.000       0.6808
 169.000       0.5919
 170.000       0.5351
 171.000       0.5593
 172.000       0.5694
 173.000       0.5015
 174.000       0.4998
 175.000       0.5265
 176.000       0.5124
 177.000       0.4748
 178.000       0.4749
 179.000       0.5180
 180.000       0.5144
 181.000       0.5084
 182.000       0.5387
 183.000       0.5671
 184.000       0.5107
 185.000       0.5020
 186.000       0.5600
 187.000       0.5820
 188.000       0.5547
 189.000       0.6051
 190.000       0.7052
 191.000       0.8284
 192.000       0.8740
 193.000       1.0271
 194.000       1.2309
 195.000       1.4658
 196.000       2.2737
 197.000       3.4151
 198.000       4.9828
 199.000       6.7239
 200.000       4.6686
 201.000       3.4961
 202.000       2.6843
 203.000       2.3285
 204.000       1.8746
 205.000       1.1468
 206.000       1.1012
 207.000       1.0593
 208.000       0.9113
 209.000       0.8194
 210.000       0.8063
 211.000       0.6866
 212.000       0.6364
 213.000       0.7697
 214.000       0.7842
 215.000       0.6413
 216.000       0.7303
 217.000       0.8015
 218.000       0.6456
 219.000       0.6311
 220.000       0.6224
 221.000       0.5302
 222.000       0.5441
 223.000       0.6232
 224.000       0.7102
 225.000       0.6477
 226.000       0.5456
 227.000       0.6374
 228.000       0.6454
 229.000       0.7184
 230.000       0.9001
 231.000       1.0127
 232.000       1.0662
 233.000       1.4644
 234.000       1.6413
 235.000       1.4156
 236.000       1.4086
 237.000       1.4821
 238.000       1.2791
 239.000       0.9849
 240.000       0.9848
 241.000       0.9259
 242.000       0.8049
 243.000       0.7687
 244.000       0.7045
 245.000       0.6402
 246.000       0.6618
 247.000       0.6477
 248.000       0.6062
 249.000       0.6097
 250.000       0.5911
 251.000       0.5167
 252.000       0.4731
 253.000       0.4982
 254.000       0.4845
 255.000       0.4611
 256.000       0.6021
 257.000       0.6383
 258.000       0.5659
 259.000       0.5816
 260.000       0.7016
 261.000       0.7198
 262.000       0.7904
 263.000       0.8237
 264.000       1.0390
 265.000       1.5133
 266.000       1.0774
 267.000       0.9829
 268.000       0.9129
 269.000       0.7911
 270.000       0.9942
 271.000       1.1426
 272.000       1.0108
 273.000       1.2542
 274.000       1.7127
 275.000       1.6970
 276.000       1.7912
 277.000       3.0469
 278.000       3.0941
