#Res             RMSF
   2.000       5.9957
   3.000       3.8861
   4.000       2.4260
   5.000       1.4156
   6.000       0.9135
   7.000       0.8261
   8.000       0.7515
   9.000       0.5856
  10.000       0.4965
  11.000       0.5480
  12.000       0.5291
  13.000       0.4853
  14.000       0.5260
  15.000       0.5403
  16.000       0.5735
  17.000       0.5596
  18.000       0.6071
  19.000       0.7084
  20.000       0.6534
  21.000       0.7084
  22.000       0.9638
  23.000       0.9779
  24.000       0.9100
  25.000       1.2976
  26.000       1.5979
  27.000       1.6236
  28.000       1.6554
  29.000       1.5894
  30.000       1.7151
  31.000       2.0438
  32.000       2.4154
  33.000       2.4112
  34.000       1.6745
  35.000       1.2649
  36.000       1.0808
  37.000       1.2551
  38.000       1.1895
  39.000       0.7583
  40.000       0.7706
  41.000       1.0321
  42.000       0.9642
  43.000       0.8393
  44.000       1.0404
  45.000       1.4897
  46.000       1.8960
  47.000       1.5527
  48.000       1.0201
  49.000       0.6814
  50.000       0.6673
  51.000       0.5272
  52.000       0.5696
  53.000       0.6001
  54.000       0.5650
  55.000       0.5746
  56.000       0.6675
  57.000       0.6969
  58.000       0.8495
  59.000       0.9579
  60.000       1.3247
  61.000       1.5548
  62.000       1.4327
  63.000       1.4887
  64.000       2.2410
  65.000       2.6081
  66.000       2.3730
  67.000       2.7825
  68.000       3.7726
  69.000       4.8513
  70.000       4.0500
  71.000       4.3010
  72.000       5.2262
  73.000       4.8473
  74.000       4.5715
  75.000       3.4353
  76.000       2.6065
  77.000       2.1003
  78.000       2.0427
  79.000       1.9236
  80.000       1.5319
  81.000       1.3750
  82.000       1.3113
  83.000       1.3136
  84.000       1.1888
  85.000       0.9807
  86.000       1.0103
  87.000       1.0386
  88.000       0.7942
  89.000       0.7852
  90.000       0.9877
  91.000       0.9618
  92.000       0.8238
  93.000       1.0815
  94.000       1.5628
  95.000       2.0915
  96.000       2.3297
  97.000       1.9493
  98.000       1.4630
  99.000       1.1117
 100.000       0.9059
 101.000       0.8613
 102.000       0.8164
 103.000       0.8268
 104.000       0.9099
 105.000       1.0047
 106.000       0.9797
 107.000       0.9472
 108.000       0.8254
 109.000       0.6566
 110.000       0.6546
 111.000       0.6552
 112.000       0.6322
 113.000       0.5908
 114.000       0.5611
 115.000       0.5822
 116.000       0.5829
 117.000       0.5052
 118.000       0.5019
 119.000       0.5589
 120.000       0.5625
 121.000       0.5447
 122.000       0.6426
 123.000       0.7429
 124.000       0.8317
 125.000       0.9302
 126.000       1.5558
 127.000       2.6895
 128.000       3.6706
