#Res             RMSF
   2.000       5.7612
   3.000       3.6442
   4.000       2.2165
   5.000       1.3355
   6.000       0.9216
   7.000       0.8812
   8.000       0.8504
   9.000       0.7138
  10.000       0.6371
  11.000       0.7333
  12.000       0.7576
  13.000       0.7118
  14.000       0.7484
  15.000       0.7772
  16.000       0.8202
  17.000       0.8229
  18.000       0.8616
  19.000       0.9474
  20.000       0.9020
  21.000       0.9675
  22.000       1.1836
  23.000       1.1940
  24.000       1.1490
  25.000       1.4799
  26.000       1.6476
  27.000       1.5960
  28.000       1.6357
  29.000       1.5003
  30.000       1.5821
  31.000       1.8259
  32.000       2.2184
  33.000       2.3986
  34.000       1.7891
  35.000       1.3849
  36.000       1.2078
  37.000       1.3201
  38.000       1.3381
  39.000       0.9348
  40.000       0.9404
  41.000       1.1693
  42.000       1.1034
  43.000       0.9760
  44.000       1.2082
  45.000       1.5715
  46.000       1.9480
  47.000       1.6126
  48.000       1.0625
  49.000       0.7159
  50.000       0.6980
  51.000       0.5759
  52.000       0.6438
  53.000       0.7001
  54.000       0.6741
  55.000       0.6961
  56.000       0.8230
  57.000       0.8539
  58.000       0.9491
  59.000       1.0788
  60.000       1.3472
  61.000       1.4231
  62.000       1.2831
  63.000       1.3389
  64.000       1.9926
  65.000       2.3025
  66.000       2.0859
  67.000       2.4417
  68.000       3.3139
  69.000       4.2868
  70.000       3.3997
  71.000       3.5494
  72.000       4.4130
  73.000       4.1142
  74.000       4.0497
  75.000       3.0695
  76.000       2.5269
  77.000       2.1219
  78.000       2.1515
  79.000       2.0923
  80.000       1.7336
  81.000       1.5693
  82.000       1.5335
  83.000       1.5272
  84.000       1.3788
  85.000       1.1804
  86.000       1.2233
  87.000       1.2339
  88.000       0.9586
  89.000       0.9391
  90.000       1.1328
  91.000       1.0751
  92.000       0.9132
  93.000       1.1677
  94.000       1.6451
  95.000       2.1203
  96.000       2.3349
  97.000       1.9804
  98.000       1.5107
  99.000       1.1437
 100.000       0.9725
 101.000       0.9560
 102.000       0.9622
 103.000       0.9861
 104.000       1.0857
 105.000       1.1894
 106.000       1.1588
 107.000       1.1293
 108.000       1.0282
 109.000       0.8996
 110.000       0.8779
 111.000       0.8889
 112.000       0.8667
 113.000       0.8029
 114.000       0.7708
 115.000       0.7998
 116.000       0.7761
 117.000       0.6956
 118.000       0.7345
 119.000       0.7733
 120.000       0.7192
 121.000       0.6946
 122.000       0.8171
 123.000       0.8819
 124.000       0.9004
 125.000       1.0006
 126.000       1.5612
 127.000       2.5799
 128.000       3.5157
