#Res             RMSF
   1.000       5.9646
   2.000       3.9847
   3.000       3.6670
   4.000       3.8351
   5.000       4.0384
   6.000       4.0374
   7.000       4.0841
   8.000       3.7436
   9.000       3.3533
  10.000       4.5187
  11.000       3.9873
  12.000       3.1771
  13.000       4.2772
  14.000       5.3695
  15.000       5.3940
  16.000       5.6909
  17.000       5.3325
  18.000       4.1285
  19.000       4.9370
  20.000       3.0745
  21.000       3.1217
  22.000       3.5159
  23.000       3.0951
  24.000       3.1409
  25.000       3.2350
  26.000       3.4720
  27.000       3.7768
  28.000       3.7840
  29.000       4.2153
  30.000       4.4045
  31.000       4.8578
  32.000       5.4207
  33.000       7.3471
  34.000       7.2280
  35.000       5.9325
  36.000       4.8435
  37.000       3.8244
  38.000       2.9877
  39.000       2.6608
  40.000       2.7513
  41.000       2.8963
  42.000       3.4939
  43.000       2.0745
  44.000       1.8290
  45.000       2.1207
  46.000       2.6654
  47.000       2.9744
  48.000       3.3426
  49.000       3.6567
  50.000       3.8671
  51.000       4.0050
  52.000       4.8052
