#Res             RMSF
   1.000       5.5884
   2.000       3.3686
   3.000       2.9585
   4.000       2.9482
   5.000       2.8985
   6.000       2.7080
   7.000       2.6514
   8.000       2.3474
   9.000       2.2681
  10.000       4.0443
  11.000       3.4501
  12.000       3.2709
  13.000       4.4284
  14.000       5.5968
  15.000       5.8703
  16.000       6.2469
  17.000       6.1228
  18.000       4.7415
  19.000       5.2174
  20.000       2.9242
  21.000       2.4641
  22.000       2.7145
  23.000       2.4591
  24.000       2.8408
  25.000       3.1782
  26.000       3.5367
  27.000       3.9921
  28.000       4.1009
  29.000       4.7342
  30.000       5.2093
  31.000       6.0007
  32.000       6.9932
  33.000       9.0813
  34.000       8.6098
  35.000       7.2327
  36.000       6.2186
  37.000       5.1671
  38.000       3.9512
  39.000       2.9900
  40.000       2.4258
  41.000       2.1732
  42.000       2.6111
  43.000       1.6670
  44.000       1.4990
  45.000       1.5300
  46.000       1.6179
  47.000       1.5997
  48.000       1.8791
  49.000       2.3638
  50.000       2.8863
  51.000       3.3776
  52.000       4.4260
